0
64
128
192
256
320
384
448
512
576
640
704
768
832
896
960
2000
129
199
288
1152
1216
1280
1344
1408
1472
1536
1600
1664
1728
1792
1856
1920
1984
2048
2112
2176
2240
2304
2368
2432
2496
2560
2624
2688
2752
2816
2880
2944
3008
3072
3136
3200
3264
3328
3392
3456
3520
3584
3648
3712
3776
3840
3904
3968
4032
4096
4160
4224
4288
4352
4416
4480
4544
4608
4672
4736
4800
4864
4928
4992
5056
5120
5184
5248
5312
5376
5440
5504
5568
5632
5696
5760
5824
5888
5952
6016
6080
6144
6208
6272
6336
6400
6464
6528
6592
6656
6720
6784
6848
6912
6976
7040
7104
7168
7232
7296
7360
7424
7488
7552
7616
7680
7744
7808
7872
7936
8000
8064
8128
